43 41
13 37
25 37
19 1
1 1
37 1
7777777777777777777777777777777777777777777
7000222222000000000000000000000000002220007
7000222222000000000000000000000000002220007
7000222222000000000000000000000000002220007
7222222000000000000000000000000000000002227
7222222000000000000000000000000000000002227
7222222000000000000000000000000000000002227
7222000000099999999999999999900000000008887
7222000000099999999999999999900000000000007
7222000000099999999999999999900000000000007
7888000000000000000000000000000000000000007
7000000000000000000000000000000000000000007
7000000000000000000000000000000000000000007
7000000000000000000000000000000000000000007
7000000000000000000000000000000000000000007
7000033333330000000044000000000000440000007
7000333333330000000044000000000000440000007
7000330000000000000044000000000000440000007
7003330000000000444444444400004444444444007
7003330000000000444444444400004444444444007
7003330000000000000044000000000000440000007
7000330000000000000044000000000000440000007
7000333333330000000044000000000000440000007
7000003333330000000044000000000000440000007
7000000000000000000000000000000000000000007
7000000000000000000000000000000000000000007
7000000000009999999999999999990000000000007
7000000000009999999999999999990000000000007
7000000000009999999999999999990000000000007
7000000000000000000000000000000000000000007
7000000000000000000000000000000000000000007
7000000000000000000000000000000000000002227
7000000000000000000000000000000000000002227
7000000000000000000000000000000000000002227
7222000000000000000000000000000000002222227
7222000000000000444444444000000000002222227
7222000000000000444444444000000000002222227
7888222000000000441111144000000002222228887
7888222000000000441151144000000002222228887
7888222000000000441111144000000002222228887
7777777777777777777777777777777777777777777